     [,1]     [,2]     [,3]      [,4]      [,5]
[1,]    2 1.500000 1.000000 0.5000000 0.2500000
[2,]    0 1.322876 1.133893 0.9449112 0.4724556
[3,]    0 0.000000 1.309307 1.0910895 0.9274260
[4,]    0 0.000000 0.000000 1.2909944 1.0973453
[5,]    0 0.000000 0.000000 0.0000000 1.2845233
     [,1]      [,2]     [,3]     [,4]     [,5]
[1,] 2.00 0.0000000 0.000000 0.000000 0.000000
[2,] 1.50 1.3228757 0.000000 0.000000 0.000000
[3,] 1.00 1.1338934 1.309307 0.000000 0.000000
[4,] 0.50 0.9449112 1.091089 1.290994 0.000000
[5,] 0.25 0.4724556 0.927426 1.097345 1.284523
[1] 4.440892e-16
