[1] 4.07546291 0.02453709
              [,1]     [,2]      [,3]
 [1,] 0.000000e+00  0.00000   0.00000
 [2,] 0.000000e+00 24.78579  71.00430
 [3,] 0.000000e+00 22.94872  70.48922
 [4,] 0.000000e+00 21.82887  67.13386
 [5,] 0.000000e+00 19.78818  60.85782
 [6,] 0.000000e+00 17.93827  55.16849
 [7,] 0.000000e+00 13.36302  41.09748
 [8,] 0.000000e+00 34.08869  67.74790
 [9,] 0.000000e+00 45.53336 102.31559
[10,] 0.000000e+00 56.55153 136.19086
[11,] 0.000000e+00 46.25053 141.60095
[12,] 0.000000e+00 41.78336 128.50319
[13,] 0.000000e+00 37.87722 116.48999
[14,] 0.000000e+00 28.21644  86.77862
[15,] 3.678794e+01 51.20062 122.37609
[16,] 1.353353e+01 50.36158 141.38048
[17,] 1.831564e+00 47.95656 145.65708
[18,] 3.354626e-02 43.47332 133.66703
[19,] 6.144212e-04 39.40919 121.20089
