[1] 5.89778324 0.01228788 0.68992888
[1]  0.1175267 56.4090246  1.0046647
              [,1]      [,2]     [,3]      [,4]
 [1,] 0.000000e+00  0.000000  0.00000   0.00000
 [2,] 0.000000e+00 13.004819 44.19187  40.02386
 [3,] 0.000000e+00 12.205766 39.85761  43.90691
 [4,] 0.000000e+00 11.604779 35.94874  46.04289
 [5,] 0.000000e+00 10.954285 33.31609  44.82325
 [6,] 0.000000e+00 10.422939 31.66063  42.73598
 [7,] 0.000000e+00  8.993606 27.31648  36.88080
 [8,] 0.000000e+00 22.781008 46.57865  51.99548
 [9,] 0.000000e+00 28.923842 67.17024  72.67283
[10,] 0.000000e+00 34.824944 86.10027  94.65280
[11,] 0.000000e+00 26.682954 84.48999 101.57568
[12,] 0.000000e+00 24.912956 75.89143 101.67155
[13,] 0.000000e+00 23.688228 71.96288  97.10912
[14,] 0.000000e+00 20.438779 62.07916  83.81492
[15,] 3.678794e+01 34.919791 87.37083 103.91654
[16,] 1.353353e+01 33.228471 96.38124 116.45056
[17,] 1.831564e+00 31.441383 95.92774 123.94904
[18,] 3.354626e-02 29.630545 90.10716 121.19273
[19,] 6.144212e-04 28.190201 85.63118 115.58182
