              [,1]       [,2]
 [1,] 0.000000e+00   0.000000
 [2,] 0.000000e+00  90.483742
 [3,] 0.000000e+00  81.873075
 [4,] 0.000000e+00  67.032005
 [5,] 0.000000e+00  44.932896
 [6,] 0.000000e+00  30.119421
 [7,] 0.000000e+00   9.071795
 [8,] 0.000000e+00  55.789791
 [9,] 0.000000e+00  98.061981
[10,] 0.000000e+00 136.311441
[11,] 0.000000e+00 123.339692
[12,] 0.000000e+00  82.677068
[13,] 0.000000e+00  55.420096
[14,] 0.000000e+00  16.692212
[15,] 3.678794e+01  74.765736
[16,] 1.353353e+01  89.599257
[17,] 1.831564e+00  83.634059
[18,] 3.354626e-02  57.388461
[19,] 6.144212e-04  38.492939
