     i         x            f'      f''      next
[1,] 1 0.7000000 -1.318590e+01 22.15500 1.2951659
[2,] 2 1.2951659  1.784873e+01 52.23945 0.9534944
[3,] 3 0.9534944 -2.716545e+00 56.63849 1.0014573
[4,] 4 1.0014573  8.750270e-02 60.08687 1.0000011
[5,] 5 1.0000011  6.306476e-05 60.00006 1.0000000
[6,] 6 1.0000000  3.311129e-11 60.00000 1.0000000
       i        x           f'        f''     next
 [1,]  1 1.600000 2.580480e+01    -7.6800 4.960000
 [2,]  2 4.960000 1.695616e+04 25498.5585 4.295015
 [3,]  3 4.295015 5.419612e+03 10714.9195 3.789214
 [4,]  4 3.789214 1.696519e+03  4601.5119 3.420527
 [5,]  5 3.420527 5.075286e+02  2070.6007 3.175415
 [6,]  6 3.175415 1.356822e+02  1036.7539 3.044543
 [7,]  7 3.044543 2.645257e+01   649.5052 3.003816
 [8,]  8 3.003816 2.077599e+00   548.9670 3.000031
 [9,]  9 3.000031 1.685345e-02   540.0730 3.000000
[10,] 10 3.000000 1.139405e-06   540.0000 3.000000
[11,] 11 3.000000 2.501110e-12   540.0000 3.000000
